3.786802e-01
2.712684e-01
2.618216e-01
3.579892e-01
3.076602e-01
3.968335e-01
3.594538e-01
3.588269e-01
4.814002e-01
5.112666e-01
4.170340e-01
5.206469e-01
4.219298e-01
4.753985e-01
5.317646e-01
4.593506e-01
4.732296e-01
3.791502e-01
3.783277e-01
5.060099e-01
4.620718e-01
3.995842e-01
4.826145e-01
4.347356e-01
6.075875e-01
5.816068e-01
5.363240e-01
4.989133e-01
3.531777e-01
3.416110e-01
4.046289e-01
4.615138e-01
4.779586e-01
4.843243e-01
4.307463e-01
5.544716e-01
5.544716e-01
5.490423e-01
4.196063e-01
4.652272e-01
4.627515e-01
4.772749e-01
